target,mean radius,mean texture,mean perimeter,mean area,mean smoothness,mean compactness,mean concavity,mean concave points,mean symmetry,mean fractal dimension,radius error,texture error,perimeter error,area error,smoothness error,compactness error,concavity error,concave points error,symmetry error,fractal dimension error,worst radius,worst texture,worst perimeter,worst area,worst smoothness,worst compactness,worst concavity,worst concave points,worst symmetry,worst fractal dimension
1,18.06730,22.01254,116.48624,1033.41113,0.11746,0.18378,0.17702,0.08861,0.20967,0.07185,0.76295,2.16209,5.75628,88.45524,0.01633,0.04604,0.06316,0.01777,0.04664,0.01272,24.97886,30.31502,168.08182,2170.82563,0.13401,0.39572,0.50503,0.18683,0.32049,0.09887
0,19.26359,20.06646,126.85501,1147.28859,0.12519,0.18126,0.22383,0.10090,0.22533,0.06571,1.40141,1.86012,10.03847,192.41725,0.01269,0.05739,0.09117,0.02701,0.03264,0.01183,27.13653,30.95751,184.77095,2824.78762,0.15589,0.51401,0.53697,0.22230,0.36643,0.11308
1,11.53034,16.89979,74.74026,419.86601,0.09267,0.09062,0.05739,0.02980,0.17646,0.06346,0.48918,1.25301,3.48312,34.00412,0.00762,0.02677,0.04870,0.01289,0.02657,0.00693,13.91136,25.80775,90.47055,595.66617,0.12604,0.24586,0.21735,0.09061,0.28822,0.08581
0,21.56543,26.75704,141.07166,1458.11802,0.10228,0.20367,0.23190,0.13328,0.20723,0.06822,0.92552,2.23824,6.72620,132.32750,0.00949,0.04944,0.07689,0.02345,0.02982,0.00742,28.77709,38.16912,185.39414,3241.44265,0.14798,0.53086,0.72592,0.22350,0.37053,0.12270
1,14.07920,19.04961,91.80164,625.68882,0.09679,0.10707,0.07720,0.04631,0.18370,0.06176,0.40422,1.10775,2.78456,38.56044,0.00754,0.02705,0.04689,0.01292,0.02396,0.00512,16.59253,27.18956,108.83155,898.39708,0.13880,0.29742,0.29952,0.12643,0.31508,0.08830
0,17.40871,24.16279,112.98188,961.42460,0.10173,0.16524,0.18020,0.08892,0.20014,0.06018,0.85295,1.78529,6.23072,99.98363,0.00845,0.04907,0.06940,0.02075,0.02901,0.00609,22.18182,31.79469,148.06649,1505.77206,0.14605,0.40487,0.51860,0.18788,0.33400,0.09353
1,11.23816,14.93510,72.24783,391.26189,0.08851,0.06099,0.01423,0.00858,0.15873,0.06051,0.32049,1.12574,2.26186,22.79379,0.00601,0.01356,0.02102,0.00898,0.01891,0.00299,12.78772,21.57949,82.72473,506.75824,0.11905,0.16520,0.09848,0.05374,0.26470,0.07340
0,20.21147,20.98403,132.83404,1301.83856,0.09707,0.17046,0.21731,0.11583,0.19808,0.06173,1.10091,1.60331,7.99443,156.40103,0.00902,0.04958,0.07823,0.02381,0.02693,0.00690,26.43577,29.98205,178.69460,2420.37021,0.13840,0.47055,0.68069,0.21852,0.35824,0.10398
1,13.67055,17.47774,88.45524,591.07723,0.10398,0.11540,0.08643,0.04953,0.19159,0.06450,0.45785,1.20641,3.09062,39.87027,0.00880,0.03058,0.04990,0.01387,0.02498,0.00550,15.89201,24.49629,103.40939,788.66579,0.14207,0.28786,0.29745,0.13098,0.31174,0.08986
0,23.33967,29.13506,155.82390,1729.07172,0.11302,0.25888,0.31294,0.16852,0.23199,0.07297,1.38092,2.39958,9.78917,199.19946,0.01257,0.07409,0.11327,0.03507,0.04018,0.01490,32.22728,41.28286,218.42065,3647.78440,0.16911,0.70992,0.92388,0.25700,0.44093,0.15082
1,10.15570,14.07920,65.34114,312.87157,0.08151,0.04639,0.01297,0.00508,0.14717,0.05437,0.23746,0.85698,1.70678,14.95759,0.00412,0.00908,0.01018,0.00411,0.01201,0.00196,11.23145,19.33644,72.68417,402.77651,0.10862,0.11717,0.06733,0.02986,0.23485,0.06527
0,17.98686,22.84654,118.06497,1009.68285,0.09904,0.17094,0.17726,0.09355,0.19888,0.06208,0.86438,1