target,mean radius,mean texture,mean perimeter,mean area,mean smoothness,mean compactness,mean concavity,mean concave points,mean symmetry,mean fractal dimension,radius error,texture error,perimeter error,area error,smoothness error,compactness error,concavity error,concave points error,symmetry error,fractal dimension error,worst radius,worst texture,worst perimeter,worst area,worst smoothness,worst compactness,worst concavity,worst concave points,worst symmetry,worst fractal dimension
0,17.478,20.890,113.88,963.8,0.11674,0.14725,0.12563,0.08272,0.2078,0.06941,0.6186,1.4988,4.3516,77.92,0.0075591,0.0381659,0.05284,0.02102,0.03534,0.0048154,22.094,27.185,145.42,1468.2,0.15549,0.38792,0.41902,0.17452,0.3664,0.09673
1,11.233,16.275,71.25,398.9,0.09540,0.08215,0.05106,0.02685,0.1751,0.06450,0.3846,1.0877,2.6931,29.98,0.0055740,0.0212871,0.03517,0.01257,0.02511,0.0031888,12.722,21.849,83.82,504.6,0.13197,0.19830,0.20016,0.08865,0.2917,0.07633
0,20.017,25.487,131.78,1318.9,0.10821,0.20455,0.21957,0.11584,0.2359,0.06382,0.9859,2.0152,7.3117,135.25,0.0118501,0.0632831,0.07827,0.02497,0.04689,0.0089150,25.680,33.159,168.04,2045.7,0.15064,0.51268,0.60144,0.22891,0.4158,0.11470
1,12.385,19.388,80.14,469.7,0.09880,0.07886,0.03851,0.02058,0.1818,0.06173,0.4102,1.2505,2.9815,36.57,0.0068427,0.0205934,0.02875,0.01198,0.02498,0.0039203,13.987,25.472,92.51,601.8,0.13626,0.19502,0.17548,0.08587,0.2982,0.07765
0,16.516,23.114,108.97,858.7,0.09348,0.12035,0.10189,0.06214,0.1985,0.05927,0.6729,1.7289,4.9090,85.67,0.0085189,0.0456108,0.06012,0.01955,0.03212,0.0053912,20.781,29.876,134.11,1285.4,0.14150,0.30154,0.32560,0.14881,0.3459,0.08914
1,10.027,15.158,64.21,308.2,0.08821,0.05834,0.01582,0.00816,0.1582,0.06895,0.2878,0.8525,2.0253,18.75,0.0041865,0.0115041,0.01021,0.00511,0.01589,0.0021571,10.875,20.082,71.59,380.2,0.11874,0.15018,0.07281,0.03892,0.2458,0.07255
0,19.255,24.125,125.79,1145.2,0.10255,0.18721,0.19018,0.09841,0.2251,0.06205,0.8252,1.9056,6.1852,110.15,0.0105877,0.0578130,0.07125,0.02251,0.04159,0.0078234,24.486,32.081,161.85,1892.5,0.14578,0.48512,0.55210,0.21053,0.3951,0.10825
1,12.875,17.458,83.56,512.5,0.09152,0.06587,0.03125,0.01659,0.1685,0.06028,0.3551,1.1558,2.5085,25.88,0.0050859,0.0162590,0.02018,0.00958,0.02154,0.0028751,14.658,23.518,94.25,655.8,0.12885,0.17056,0.15012,0.07559,0.2801,0.07598
0,15.011,21.902,99.85,705.8,0.09758,0.13524,0.11582,0.06821,0.2052,0.05814,0.5518,1.5891,3.8557,68.55,0.0070525,0.0398715,0.05591,0.01988,0.03088,0.0045521,18.887,28.555,125.18,1075.2,0.13852,0.33580,0.37015,0.15822,0.3552,0.09151
1,11.588,16.892,74.95,420.5,0.09345,0.07018,0.03582,0.01855,0.1712,0.06258,0.3705,1.1085,2.6055,27.58,0.0052588,0.0175512,0.02255,0.01018,0.02288,0.0031025,13.125,22.815,86.95,535.8,0.12998,0.17588,0.16012,0.08055,0.2858,0.07688
0,18.055,23.585,118.25,1025.5,0.10185,0.16521,0.15825,0.08955,0.2158,0.06055,0.7058,1.7852,5.2558,95.58,0.0090555,0.0485555,0.06585,0.02185,0.03585,0.0060555,22.555,30.555,150.55,1555.5,0.14555,0.40555,0.45555,0.18555,0.3755,0.09855
1,13.055,18.555,84.55,525.5,0.09255,0.07055,0.03255,0.01755,0.1705,0.06155,0.3655,1.1855,2.5555,26.55,0.0051555,0.0165555,0.02155,0.00985,0.02255,0.0029555,14.855,24.555,95.55,675.5,0.13055,0.18055,0.15555,0.07855,0.2885,0.07655
0,16.885,22.555,110.55,905.5,0.09855,0.13855,0.11855,0.07055,0.2085,0.05955,0.6555,1.6855,4.7555,82.55,0.0080555,0.0425555,0.05855,0.02055,0.03355,0.0050555,21.555,28.555,140.55,1355.5,0.14855,0.35555,0.39555,0.16555,0.3605,0.09355
1,10.555,15.555,68.55,355.5,0.08755,0.05555,0.01255,0.00755,0.1555,0.06755,0.2755,0.8055,1.9555,17.55,0.0040555,0.0105555,0.00955,0.00455,0.01455,0.0020555,11.555,19.555,70.55,375.5,0.11555,0.14555,0.06855,0.03555,0.2405,0.07155
0,21.055,26.555,138.55,1455.5,0.11055,0.22555,0.25555,0.12555,0.2455,0.06455,1.0555,2.1555,8.0555,150.55,0.0125555,0.0685555,0.08555,0.02655,0.04955,0.0095555,26.555,34.555,175.55,2255.5,0.15555,0.55555,0.65555,0.25555,0.4355,0.12055
1,14.555,19.555,90.55,605.5,0.09555,0.07555,0.04055,0.02255,0.1855,0.06055,0.4555,1.3555,3.2555,40.55,0.0070555,0.0235555,0.03055,0.01355,0.02655,0.0040555,16.555,26.555,100.55,755.5,0.13855,0.21555,0.18555,0.09555,0.3055,0.08055
0,17.885,22.885,116.88,1005.8,0.10088,0.15888,0.14888,0.08588,0.2128,0.06088,0.6888,1.7588,5.0888,90.88,0.0088888,0.0478888,0.06388,0.02188,0.03488,0.0058888,22.388,29.888,148.88,1505.8,0.14788,0.39888,0.44888,0.18088,0.3708,0.09788
1,11.888,17.888,77.88,448.8,0.09088,0.06288,0.02888,0.01588,0.1658,0.06188,0.3488,1.1288,2.4888,24.88,0.0048888,0.0158888,0.01988,0.00988,0.02188,0.0028888,13.588,23.888,88.88,588.8,0.12788,0.16888,0.14888,0.07388,0.2788,0.07488
0,16.288,21.888,107.88,848.8,0.09688,0.13088,0.11088,0.06588,0.2038,0.05888,0.5888,1.6288,4.2888,75.88,0.0078888,0.0418888,0.05688,0.01988,0.03288,0.0048888,20.888,27.888,136.88,1258.8,0.13988,0.32888,0.36888,0.16088,0.3508,0.09088
1,10.288,14.888,66.88,328.8,0.08688,0.05288,0.01088,0.00688,0.1528,0.06688,0.2688,0.7888,1.8888,16.88,0.0038888,0.0098888,0.00888,0.00488,0.01388,0.0018888,11.288,19.888,68.88,368.8,0.11288,0.14288,0.06588,0.03388,0.2388,0.07088
0,20.588,25.888,135.88,1408.8,0.10888,0.21888,0.24888,0.12088,0.2408,0.06388,1.0288,2.1088,7.8888,145.88,0.0122888,0.0658888,0.08288,0.02588,0.04888,0.0092888,26.088,33.888,172.88,2188.8,0.15388,0.53888,0.62888,0.24888,0.4288,0.11888
1,14.288,19.288,88.88,588.8,0.09488,0.07288,0