target,mean radius,mean texture,mean perimeter,mean area,mean smoothness,mean compactness,mean concavity,mean concave points,mean symmetry,mean fractal dimension,radius error,texture error,perimeter error,area error,smoothness error,compactness error,concavity error,concave points error,symmetry error,fractal dimension error,worst radius,worst texture,worst perimeter,worst area,worst smoothness,worst compactness,worst concavity,worst concave points,worst symmetry,worst fractal dimension
0,19.340,21.737,126.837,1146.4,0.119771,0.228564,0.198275,0.101188,0.210419,0.076845,1.722,2.399,11.383,230.7,0.017586,0.063116,0.098748,0.024970,0.043594,0.014287,26.791,33.003,179.6,2759.2,0.155700,0.589146,0.570774,0.207218,0.399066,0.147742
1,11.127,15.631,70.088,382.7,0.097063,0.068369,0.040182,0.014312,0.174151,0.060195,0.697,1.869,4.869,63.7,0.014023,0.043750,0.052865,0.012543,0.038481,0.007624,14.670,24.110,95.5,618.3,0.110752,0.187311,0.147704,0.054359,0.285908,0.091176
0,23.504,27.182,157.062,1681.4,0.141151,0.270764,0.315006,0.170889,0.260815,0.089851,1.884,3.109,12.551,281.3,0.024090,0.076802,0.117142,0.031589,0.061730,0.018995,33.279,41.972,229.4,3609.5,0.180295,0.852431,0.887682,0.272101,0.488349,0.170138
1,9.014,12.396,57.142,246.3,0.070198,0.029807,0.013532,0.003923,0.134591,0.050304,0.282,0.916,1.968,16.2,0.005182,0.009139,0.007139,0.002015,0.013876,0.001990,9.914,17.069,66.8,290.4,0.090150,0.067344,0.038590,0.013217,0.187399,0.060799
0,15.986,20.899,105.748,799.3,0.103038,0.134379,0.095400,0.055819,0.198357,0.063125,0.597,1.524,4.209,75.0,0.009772,0.035764,0.049100,0.016335,0.028905,0.006888,21.896,30.140,147.2,1434.6,0.135017,0.380126,0.319725,0.169110,0.360170,0.098730
1,12.571,17.276,80.124,475.2,0.092490,0.061841,0.033785,0.021008,0.166878,0.059275,0.410,1.077,2.992,38.1,0.007012,0.019777,0.026199,0.007997,0.020120,0.003444,16.890,26.787,110.1,895.3,0.122176,0.195079,0.140733,0.078430,0.299092,0.075480
0,18.005,24.512,118.889,1001.0,0.108427,0.189709,0.160163,0.089020,0.225722,0.067803,0.925,2.015,6.671,110.3,0.012558,0.048999,0.080509,0.024097,0.037599,0.009988,24.116,35.195,165.7,2110.7,0.150493,0.520268,0.480027,0.220199,0.450106,0.125139
1,10.183,14.881,65.334,320.1,0.079234,0.036006,0.015093,0.006099,0.140713,0.052187,0.330,1.011,2.378,21.9,0.004128,0.009890,0.010185,0.003001,0.015989,0.002011,12.010,21.016,77.9,435.6,0.100192,0.097010,0.049870,0.020589,0.209100,0.063212
0,20.552,26.009,136.216,1340.5,0.125010,0.250110,0.280100,0.140100,0.240100,0.080100,1.200,2.500,8.500,180.0,0.015000,0.070000,0.120000,0.035000,0.050000,0.015000,28.552,38.009,196.2,3000.5,0.170000,0.700000,0.800000,0.260000,0.500000,0.180000
1,8.000,10.000,50.000,200.0,0.065000,0.020000,0.005000,0.001000,0.125000,0.051000,0.150,0.500,1.000,10.0,0.003000,0.002500,0.001000,0.000500,0.008000,0.001000,8.500,13.000,55.0,220.0,0.085000,0.040000,0.010000,0.002000,0.160000,0.058000
0,16.782,23.332,110.871,870.0,0.094553,0.160105,0.120567,0.068213,0.205189,0.065934,0.750,1.800,5.500,98.0,0.010500,0.055000,0.070000,0.020000,0.035000,0.008000,22.500,32.000,152.0,1550.0,0.140000,0.450000,0.400000,0.180000,0.380000,0.105000
1,13.000,18.000,85.000,520.0,0.100000,0.075000,0.045000,0.025000,0.170000,0.060000,0.300,1.000,2.000,30.0,0.006000,0.020000,0.030000,0.008000,0.020000,0.003000,16.000,25.000,100.0,750.0,0.125000,0.200000,0.150000,0.080000,0.280000,0.070000
0,21.000,29.000,140.000,1400.0,0.130000,0.280000,0.300000,0.160000,0.250000,0.085000,1.500,2.800,10.000,200.0,0.018000,0.080000,0.130000,0.038000,0.060000,0.020000,30.000,45.000,210.0,3300.0,0.190000,0.900000,1.000000,0.280000,0.550000,0.190000
1,9.500,13.000,60.000,280.0,0.075000,0.040000,0.010000,0.002000,0.130000,0.053000,0.200,0.700,1.500,12.0,0.004000,0.005000,0.003000,0.001000,0.010000,0.001500,10.500,18.000,70.0,320.0,0.095000,0.080000,0.020000,0.005000,0.190000,0.062000
0,17.500,23.000,115.000,950.0,0.110000,0.200000,0.150000,0.090000,0.220000,0.070000,1.000,2.200,7.000,120.0,0.013000,0.060000,0.090000,0.025000,0.040000,0.010000,25.000,34.000,170.0,2200.0,0.160000,0.600000,0.500000,0.200000,0.420000,0.130000
1,11.500,16.000,75.000,420.0,0.090000,0.055000,0.025000,0.010000,0.160000,0.058000,0.350,1.200,2.500,25.0,0.005000,0.015000,0.020000,0.006000,0.018000,0.002500,14.000,23.000,90.0,550.0,0.115000,0.150000,0.100000,0.050000,0.260000,0.068000
0,24.000,31.000,160.000,1900.0,0.150000,0.300000,0.350000,0.190000,0.280000,0.090000,2.000,3.300,13.000,300.0,0.025000,0.090000,0.140000,0.040000,0.070000,0.021000,35.000,48.000,240.0,4000.0,0.200000,1.000000,1.100000,0.290000,0.570000,0.200000
1,8.500,11.000,55.000,220.0,0.068000,0.025000,0.008000,0.001500,0.128000,0.052000,0.180,0.600,1.200,11.0,0.003500,0.003000,0.002000,0.000700,0.009000,0.001200,9.000,15.000,60.0,250.0,0.088000,0.050000,0.015000,0.003000,0.170000,0.059000
0,19.000,25.000,125.000,1100.0,0.120000,0.230000,0.200000,0.110000,0.230000,0.075000,1.300,2.600,9.000,150.0,0.016000,0.065000,0.100000,0.028000,0.045000,0.012000,27.000,36.000,185.0,2600.0,0.165000,0.650000,0.600000,0.230000,0.450000,0.140000
1,10.000,14.000,65.000,300.0,0.078000,0.038000,0.012000,0.004000,0.138000,0.054000,0.250,0.800,1.800,15.0,0.004500,0.008000,0.006000,0.001800,0.012000,0.001700,11.000,20.000,75.0,380.0,0.100000,0.090000,0.035000,0.010000,0.200000,0.065000
0,17.892,23.123,117.456,987.6,0.112345,0.198765,0.176543,0.098765,0.215432,0.072187,1.123,2.456,7.890,145.6,0.014567,0.061234,0.095432,0.026789,0.042134,0.011234,25.678,35.123,175.4,2456.7,0.158901,0.587654,0.521345,0.211234,0.401234,0.132109
1,10.567,15.123,68.901,367.8,0.088901,0.058765,0.031234,0.012345,0.162109,0.056789,0.298,1.056,2.109,21.0,0.005876,0.016543,0.022109,0.007123,0.019876,0.002876,13.123,22.109,85.6,501.2,0.110123,0.145678,0.098765,0.045678,0.245678,0.067890
0,22.123,28.901,150